Remote-Only Migration Versions (29 ad-hoc migrations)
Generated from: supabase migration list --linked

20260108025539
20260108025707
20260108025858
20260108030407
20260108031005
20260108031132
20260108031413
20260108032002
20260108032025
20260109235823
20260110003258
20260110003957
20260110004222
20260110010806
20260110033928
20260110034518
20260110041952
20260110042425
20260110042740
20260110161941
20260110163933
20260110164418
20260110164709
20260110164817
20260110165145
20260110165800
20260111150431
20260112102318
20260112104545
20260112173701
20260112173702
20260113083026

Total: 29 remote-only migrations
